# voxel heat diffuse bone export.
b,Hips,-129.5744171142578,-5.649153589359912e-09,7.666920185089111,-129.5744171142578,0.9826223254203796,12.756799697875977
b,Spine,-129.5744171142578,1.128925085067749,13.51463794708252,-129.5744171142578,1.0261768102645874,19.809009552001953
b,Spine1,-129.5744171142578,1.026176929473877,19.809009552001953,-129.5744171142578,1.6426632404327393,26.625072479248047
b,Spine2,-129.5744171142578,1.6426637172698975,26.625072479248047,-129.5744171142578,3.1838760375976562,34.87152099609375
b,Spine3,-129.5744171142578,3.1838796138763428,34.87152099609375,-129.5744171142578,2.3705263137817383,42.61239242553711
b,Neck,-129.5744171142578,2.275973320007324,43.51225280761719,-129.5744171142578,1.06973397731781,47.04606628417969
b,Neck1,-129.5744171142578,1.0697332620620728,47.04606246948242,-129.5744171142578,0.6535124778747559,49.756656646728516
b,Head,-129.5744171142578,0.4911285936832428,49.72669219970703,-129.5744171142578,0.3169671297073364,52.46352005004883
b,LeftShoulder,-127.6285400390625,0.10354472696781158,41.74958038330078,-118.15026092529297,2.5948843955993652,39.94308090209961
b,LeftArm,-118.16908264160156,2.648003339767456,39.918670654296875,-112.42361450195312,1.8671929836273193,33.21043395996094
b,LeftArmTwist,-112.41937255859375,1.8634583950042725,33.21451187133789,-106.67389678955078,1.082648515701294,26.50628089904785
b,LeftForeArm,-105.97725677490234,0.7379971742630005,25.68385124206543,-102.95475769042969,-1.6835731267929077,22.154874801635742
b,LeftForeArmTwist,-102.94956970214844,-1.6720296144485474,22.15142059326172,-99.92707824707031,-4.093600273132324,18.62244415283203
b,LeftForeArmTwist1,-100.23126220703125,-3.8655881881713867,18.97499656677246,-97.2087631225586,-6.287159442901611,15.44602108001709
b,LeftHand,-97.09394836425781,-6.340856552124023,15.317224502563477,-94.03843688964844,-8.662463188171387,11.749711990356445
b,RightShoulder,-131.52029418945312,0.10354465246200562,41.74958801269531,-140.99856567382812,2.5948805809020996,39.94308853149414
b,RightArm,-140.97975158691406,2.648003339767456,39.918670654296875,-146.7252197265625,1.8671915531158447,33.21044158935547
b,RightArmTwist,-146.72976684570312,1.8640756607055664,33.21471405029297,-152.3770294189453,0.9674227833747864,26.43792724609375
b,RightForeArm,-153.1715850830078,0.7379939556121826,25.683856964111328,-156.19406127929688,-1.683577537536621,22.154869079589844
b,RightForeArmTwist,-156.1970672607422,-1.676020860671997,22.152263641357422,-159.2195587158203,-4.097592353820801,18.623275756835938
b,RightForeArmTwist1,-158.91339111328125,-3.873162031173706,18.976608276367188,-161.9358673095703,-6.294733047485352,15.447620391845703
b,RightHand,-162.0548858642578,-6.340860366821289,15.317225456237793,-165.11038208007812,-8.662470817565918,11.749696731567383
b,RightShoulderHlp,-131.52029418945312,0.10354553163051605,41.74961853027344,-134.26771545410156,1.0048704147338867,34.52314376831055
b,LeftShoulderHlp,-127.6285400390625,0.10354526340961456,41.7496223449707,-124.8811264038086,1.0048716068267822,34.52314758300781
b,LeftUpLeg,-124.43030548095703,1.3591187553174677e-07,8.307652473449707,-123.71556091308594,-0.15629853308200836,-4.981651306152344
b,LeftLeg,-123.00081634521484,-0.3125971257686615,-18.270957946777344,-122.4541015625,2.241487741470337,-43.71770477294922
b,LeftFoot,-122.4541015625,2.2414886951446533,-43.717689514160156,-122.4541015625,-6.908135414123535,-48.74764633178711
b,LeftToeBase,-122.4541015625,-6.9081339836120605,-48.74764633178711,-122.4541015625,-17.349210739135742,-48.74764633178711
b,LeftUpLegTwist,-123.71556091308594,-0.1562984585762024,-4.9816484451293945,-123.00081634521484,-0.31259721517562866,-18.270952224731445
b,RightUpLeg,-134.71852111816406,-2.589688961052161e-07,8.307655334472656,-135.4332733154297,-0.1562993973493576,-4.981657981872559
b,RightLeg,-136.14801025390625,-0.31259840726852417,-18.270954132080078,-136.69473266601562,2.241485118865967,-43.71769714355469
b,RightFoot,-136.69471740722656,2.241485834121704,-43.71768569946289,-136.69473266601562,-6.908141136169434,-48.747642517089844
b,RightToeBase,-136.69473266601562,-6.908138275146484,-48.747642517089844,-136.69473266601562,-17.34921646118164,-48.747642517089844
b,RightUpLegTwist,-135.4332733154297,-0.15629936754703522,-4.98165225982666,-136.14801025390625,-0.3125985860824585,-18.270965576171875
b,RightUpLegHlp,-134.71853637695312,-2.8877121849291143e-07,8.30765151977539,-134.9969482421875,-0.060894373804330826,3.1316308975219727
b,LeftUpLegHlp,-124.43030548095703,-1.9191367073290166e-07,8.30765151977539,-124.15188598632812,-0.060894642025232315,3.1316308975219727
